10746;96;21;
15759;99;21;
20765;99;21;
25772;99;21;
30780;99;21;
35787;99;22;
40794;99;22;
45801;99;22;
50807;99;22;
55814;99;22;
60820;99;22;
65827;99;22;
70834;99;23;
75841;99;23;
80849;99;23;
85856;99;23;
90863;99;23;
95870;99;23;
100877;99;24;
105884;99;24;
110890;99;24;
115898;99;24;
120905;99;25;
125912;99;25;
130918;99;25;
135924;99;26;
140931;99;26;
145938;99;26;
150946;99;26;
155952;99;26;
160960;99;27;
165967;99;27;
172528;2147483647;2147483647;
178541;2147483647;2147483647;
183548;99;28;
188554;99;28;
193560;99;29;
198566;99;29;
203572;99;29;
208578;99;29;
213585;99;30;
218592;99;30;
223598;99;30;
228605;99;31;
233612;99;31;
238618;99;31;
243626;99;31;
248632;99;32;
253638;99;32;
258644;99;32;
263650;99;32;
268656;99;33;
273664;99;33;
278670;99;33;
283677;99;33;
288685;99;34;
293691;99;34;
298697;99;34;
303703;99;34;
308710;99;34;
313718;99;35;
318724;99;35;
323730;99;35;
330064;2147483647;2147483647;
336488;2147483647;2147483647;
341494;99;36;
346502;99;36;
351510;99;36;
356558;2147483647;2147483647;
361565;99;36;
366571;99;36;
371579;99;37;
376586;99;37;
381592;99;37;
386600;99;37;
391606;99;37;
396614;99;37;
401621;99;37;
406628;99;38;
411635;99;38;
416641;99;38;
421647;99;38;
426654;99;38;
431661;99;38;
436667;99;39;
441674;99;39;
446681;99;39;
451689;99;39;
456696;99;39;
461703;99;39;
466710;99;39;
471716;99;40;
476724;99;40;
481731;99;40;
486738;99;40;
491744;99;40;
496750;99;40;
501756;99;40;
506762;99;41;
511770;99;41;
516777;99;41;
521784;99;41;
526837;2147483647;2147483647;
531843;99;41;
536849;99;41;
541855;99;41;
546862;99;42;
551869;99;42;
556875;99;42;
561882;99;42;
566889;99;42;
571896;99;42;
576903;97;42;
581909;96;42;
586915;95;42;
591922;94;43;
596928;93;43;
601934;2147483647;2147483647;
606941;90;43;
611947;90;43;
616954;89;43;
621960;88;43;
626966;88;43;
631973;87;44;
636979;2147483647;2147483647;
641985;86;44;
646992;85;44;
651998;85;44;
657005;85;44;
662011;84;44;
667019;84;44;
672025;83;44;
677031;83;45;
682037;82;45;
687043;82;45;
692049;82;45;
697055;82;45;
702062;81;45;
707070;81;45;
712076;80;45;
717082;80;45;
722088;80;45;
727094;80;45;
732100;79;45;
737107;79;46;
742113;79;46;
747119;2147483647;2147483647;
752126;78;46;
757132;78;46;
762138;78;46;
767144;78;46;
772150;77;46;
777156;77;46;
782162;77;46;
787168;77;46;
792174;76;46;
797180;77;46;
802186;78;46;
807192;78;46;
812199;78;46;
817205;78;47;
822212;76;47;
827218;75;47;
832227;75;47;
837233;75;47;
842241;75;47;
847248;75;47;
852254;74;47;
857261;2147483647;2147483647;
862268;74;47;
867275;76;47;
872281;72;47;
877287;73;47;
882293;73;47;
887299;73;48;
892305;73;48;
897312;2147483647;2147483647;
902320;72;48;
907326;72;48;
912333;72;48;
917341;72;48;
922347;72;48;
927354;70;48;
932360;71;48;
937366;71;48;
942372;69;48;
947379;71;48;
952385;71;48;
957391;70;48;
962397;70;48;
967403;70;48;
972409;70;48;
977416;70;48;
982422;70;48;
987430;70;48;
992437;2147483647;2147483647;
997444;69;48;
1002450;69;48;
1007456;69;48;
1012462;69;48;
1017468;69;48;
1022474;69;48;
1027481;69;48;
1032487;69;49;
1037493;69;49;
1042499;69;49;
1047506;68;49;
1052513;68;49;
1057519;68;49;
1062526;68;49;
1067533;68;49;
1072539;68;49;
1077545;68;49;
1082551;68;49;
1087558;67;49;
1092564;67;49;
1097570;67;49;
1102577;67;49;
1107583;67;49;
1112589;67;49;
1117595;67;49;
1122601;67;49;
1127607;67;49;
1132613;67;49;
1137619;67;49;
1142625;2147483647;2147483647;
1147633;66;49;
1152639;66;49;
1157645;66;49;
1162651;2147483647;2147483647;
1167657;66;49;
1172663;2147483647;2147483647;
1177670;66;50;
1182676;66;50;
1187682;65;50;
1192688;65;50;
1197694;65;50;
1202700;65;50;
1207706;65;50;
1212713;65;50;
1217719;65;50;
1222725;65;50;
1227731;64;50;
1232737;64;50;
1237743;64;50;
1242749;64;50;
1247755;64;50;
1252762;64;50;
1257769;63;50;
1262776;63;50;
1267783;63;50;
1272790;63;50;
1277797;63;50;
1282804;63;51;
1287810;64;51;
1292828;63;52;
1297834;83;51;
1302840;79;51;
1307846;78;51;
1312852;82;51;
1317858;77;51;
1322864;79;51;
1327870;81;51;
1332876;84;52;
1337882;79;52;
1342888;74;51;
1347894;73;52;
1352900;73;52;
1357906;71;52;
1362912;61;52;
1367918;60;52;
1372924;60;52;
1377930;77;52;
1382936;79;52;
1387942;76;52;
1392948;74;52;
1397954;73;52;
1402960;71;52;
1407966;70;52;
1412972;59;52;
1417978;59;52;
1422984;59;52;
1427990;59;52;
1432996;58;52;
1438002;58;52;
1443008;58;52;
1448014;58;52;
1453021;58;52;
1458027;58;52;
1463033;58;52;
1468039;58;53;
1473045;58;53;
1478051;57;53;
1483057;57;53;
1488063;57;53;
1493069;57;53;
1498075;57;53;
1503081;57;53;
1508087;57;53;
1513093;56;53;
1518099;56;53;
1523105;56;53;
1528111;56;53;
1533117;56;53;
1538123;56;53;
1543129;56;53;
1548135;56;53;
1553141;55;53;
1558147;55;53;
1563153;55;54;
1568159;55;54;
1573165;55;54;
1578171;55;54;
1583177;55;54;
1588183;55;54;
1593189;55;54;
1598195;54;54;
1603201;54;54;
1608207;54;54;
1613214;54;54;
1618220;54;54;
1623226;54;54;
1628232;54;54;
1633238;54;54;
1638244;54;54;
1643250;54;54;
1648256;54;54;
1653262;53;54;
1658268;53;54;
1663274;53;54;
1668280;53;54;
1673286;53;54;
1678292;56;55;
1683298;67;55;
1688304;70;55;
1693310;65;55;
1698316;66;55;
1703322;66;55;
1708328;69;55;
1713335;72;55;
1718341;62;55;
1723389;2147483647;2147483647;
1728395;52;55;
1733401;52;55;
1738407;55;55;
1743413;59;55;
1748420;59;55;
1753426;60;55;
1758432;63;55;
1763438;61;55;
1768445;56;56;
1773451;57;55;
1778457;59;56;
1783463;64;55;
1788469;67;56;
1793475;76;56;
1798481;72;56;
1803487;73;56;
1808493;70;56;
1813499;64;56;
1818505;66;56;
1823511;50;55;
1828518;51;56;
1833524;51;56;
1838530;51;56;
1843536;51;56;
1848542;51;56;
1853548;51;56;
1858554;51;56;
1863560;51;56;
1868566;51;56;
1873572;51;56;
1878578;51;56;
1883584;51;56;
1888590;51;56;
1893597;51;56;
1898603;51;56;
1904570;2147483647;2147483647;
1909576;49;56;
1914582;51;56;
1919588;50;56;
1924596;51;56;
1929603;50;56;
1934610;50;56;
1939617;50;56;
1944623;50;56;
1950955;2147483647;2147483647;
1955962;56;56;
1960968;50;56;
1965974;50;56;
1970980;50;56;
1975987;50;56;
1980993;50;56;
1985999;50;56;
1991005;50;56;
1996012;50;56;
2001018;50;56;
2006024;50;56;
2011030;50;56;
2016036;50;56;
2021042;50;56;
2026048;50;56;
2031054;50;56;
2036060;48;57;
2041066;50;57;
2046072;50;57;
2051078;50;57;
2056084;50;57;
2061090;50;57;
2066097;50;57;
2071103;50;57;
2076109;50;57;
2081117;50;57;
2086123;48;57;
2091129;50;57;
2096135;49;57;
2101142;49;57;
2106148;49;57;
2111155;49;57;
2116161;49;57;
2121167;49;57;
2126173;49;56;
2131179;48;57;
2136185;49;57;
2141191;49;57;
2146197;49;57;
2151203;48;57;
2156209;49;57;
2161215;49;57;
2166221;49;57;
2171228;49;57;
2176234;49;57;
2181241;49;57;
2186247;50;57;
2191254;49;57;
2196260;49;57;
2201266;49;57;
2206272;49;57;
2211278;49;57;
2216284;51;57;
2221290;51;58;
2226296;50;57;
2231302;54;57;
2236720;2147483647;2147483647;
2241727;49;57;
2246733;49;57;
2251739;49;57;
2256745;49;57;
2261751;49;57;
2266757;50;57;
2271764;51;58;
2276770;53;58;
2281776;54;58;
2286782;55;58;
2291788;55;58;
2296794;56;58;
2301800;56;58;
2307035;2147483647;2147483647;
2312041;47;58;
2317047;50;58;
2322054;55;58;
2327060;57;58;
2332066;58;58;
2337072;54;58;
2342078;54;58;
2347084;55;58;
2352090;55;58;
2357096;56;58;
2362102;58;58;
2367703;2147483647;2147483647;
2372751;2147483647;2147483647;
2377757;72;58;
2382764;56;58;
2387770;55;58;
2392776;55;58;
2397782;56;58;
2402788;56;58;
2407794;56;58;
2412800;57;58;
2417806;58;58;
2422812;58;58;
2427818;59;58;
2432824;59;58;
2437830;64;58;
2442836;61;58;
2447842;56;58;
2452848;56;58;
2457854;56;58;
2462860;58;58;
2467866;65;58;
2472872;71;58;
2477878;69;58;
2482884;66;58;
2487890;64;58;
2492896;63;58;
2497902;62;58;
2502908;62;58;
2507914;62;58;
2512920;62;58;
2517926;62;58;
2522932;62;58;
2527938;63;58;
2532944;64;58;
2537950;68;58;
2542965;57;60;
2547971;57;58;
2553480;2147483647;2147483647;
2558487;75;58;
2563493;70;58;
2568499;74;58;
2573505;70;58;
2578511;68;58;
2583517;68;58;
2588523;64;58;
2593529;71;58;
2598535;63;58;
2603541;63;58;
2608547;65;58;
2613553;62;58;
2618559;58;58;
2623565;59;58;
2628571;59;58;
2633577;60;58;
2638583;63;58;
2643589;57;58;
2648595;52;58;
2653601;52;58;
2658607;53;58;
2663613;53;58;
2668619;54;58;
2673625;55;58;
2678631;56;58;
2683637;58;58;
2688643;59;58;
2693649;60;58;
2698656;55;58;
2703662;55;58;
2708668;55;58;
2713674;56;58;
2718680;57;58;
2723686;57;58;
2728692;57;58;
2733698;56;58;
2738704;55;58;
2743710;55;58;
2748716;55;58;
2753722;55;58;
2758728;55;58;
2763734;55;58;
2768740;55;58;
2773746;56;58;
2778752;56;58;
2783758;56;58;
2788764;57;58;
2793770;57;58;
2798776;57;58;
2803782;58;58;
2808788;58;58;
2813794;59;58;
2818800;60;58;
2823806;52;58;
2828812;50;58;
2833818;50;58;
2838824;50;58;
2843830;50;58;
2848836;50;58;
2853842;50;58;
2858849;50;58;
2863855;50;58;
2868861;53;58;
2873867;54;58;
2878873;51;58;
2883879;50;58;
2888885;50;58;
2893891;50;58;
2898897;50;58;
2903903;51;58;
2908909;49;58;
2913915;50;58;
2918921;50;58;
2923927;50;58;
2928933;50;58;
2933939;50;58;
2938987;2147483647;2147483647;
2943993;49;58;
2948999;49;58;
2954005;50;58;
2959011;50;58;
2964017;50;58;
2969023;50;58;
2974029;50;58;
2979035;50;58;
2984041;50;58;
2989047;50;58;
2994053;50;58;
2999059;50;58;
3004065;50;58;
3009071;50;58;
3014078;50;58;
3019084;50;58;
3024090;50;58;
3029096;50;58;
3034102;50;58;
3039108;50;58;
3044114;50;58;
3049120;50;58;
3054126;50;58;
3059132;50;58;
3064138;50;58;
3069144;50;58;
3074150;50;58;
3079156;50;58;
3084162;50;58;
3089168;50;58;
3094174;50;58;
3099180;50;58;
3104186;50;58;
3109192;50;58;
3114198;50;58;
3119204;50;58;
3124210;50;58;
3129216;50;58;
3134222;50;58;
3139228;50;58;
3144234;50;58;
3149240;50;58;
3154246;50;58;
3159252;50;58;
3164258;50;58;
3169264;50;58;
3174271;50;58;
3179277;50;58;
3184283;50;58;
3189289;50;58;
3194295;50;58;
3199301;50;58;
3204307;50;58;
3209313;50;58;
3214319;50;58;
3219325;50;58;
3224331;50;58;
3229337;50;58;
3234343;50;58;
3239349;50;58;
3244355;50;58;
3249361;50;58;
3254367;50;58;
3259373;50;58;
3264379;50;58;
3269385;50;58;
3274391;50;58;
3279397;50;58;
3284403;50;58;
3289409;50;58;
3294415;50;58;
3299421;50;58;
3304427;50;58;
3309433;50;58;
3314439;50;58;
3319445;50;59;
3324451;50;59;
3329457;50;59;
3334465;50;59;
3339471;50;59;
3344477;50;59;
3349483;50;59;
3354489;50;59;
3359495;50;59;
3364501;50;59;
3369507;50;59;
3374513;50;59;
3379519;50;59;
3384525;50;59;
3389531;50;59;
3394537;50;59;
3399543;50;59;
3404549;50;59;
3409555;50;59;
3414561;50;59;
3419567;50;59;
3424573;50;59;
3429579;50;59;
3434585;50;59;
3439591;50;59;
3444597;50;59;
3449603;50;59;
3454609;50;59;
3459615;50;59;
3464621;50;59;
3469627;50;59;
3474633;50;59;
3479639;50;59;
3484645;50;59;
3489651;50;59;
3494659;50;59;
3499665;50;59;
3504671;50;59;
3509677;50;59;
3514683;50;59;
3519689;50;59;
3524695;50;59;
3529701;50;59;
3534707;50;59;
3539713;50;59;
3544719;50;59;
3549725;50;59;
3554731;50;59;
3559737;50;59;
3564743;50;59;
3569749;50;59;
3574755;50;59;
3579761;50;59;
3584767;50;59;
3589773;50;59;
3594779;50;59;
3599785;50;59;
3604791;50;59;
3609797;50;59;
3614803;50;59;
3619809;50;59;
3624815;50;59;
3629821;50;59;
3634827;50;59;
3639833;50;59;
3644839;50;59;
3649845;50;59;
3654852;50;59;
3659858;50;59;
3664864;50;59;
3669870;50;59;
3674876;50;59;
3679882;50;59;
3684888;50;59;
3689894;50;59;
3694900;50;59;
3699906;50;59;
3704912;50;59;
3709918;50;59;
3714924;50;59;
3719930;50;59;
3724936;50;59;
3729942;50;59;
3734948;50;59;
3739954;50;59;
3744960;50;59;
3749966;50;59;
3754972;50;59;
3759978;50;59;
3764984;50;59;
3769990;50;59;
3774996;50;59;
3780002;50;59;
3785008;50;59;
3790014;50;59;
3795020;50;59;
3800026;50;59;
3805032;50;59;
3810038;50;59;
3815056;50;60;
3820062;50;59;
3825068;50;59;
3830074;50;59;
3835080;50;59;
3840086;50;59;
3845092;50;59;
3850098;50;59;
3855104;50;59;
3860110;50;59;
3865116;50;59;
3870122;50;59;
3875128;50;59;
3880134;50;59;
3885140;50;59;
3890146;50;59;
3895152;50;59;
3900158;50;59;
3905164;50;59;
3910170;50;59;
3915176;50;59;
3920182;50;59;
3925188;50;59;
3930194;50;59;
3935200;50;59;
3940206;49;59;
3945212;49;59;
3950218;50;59;
3955224;50;59;
3960230;49;59;
3965236;49;59;
3970242;49;59;
3975249;49;59;
3980255;49;59;
3985261;49;59;
3990267;49;59;
3995273;49;59;
4000279;49;59;
4005285;49;59;
4010291;49;59;
4015297;49;59;
4020303;49;59;
4025309;49;59;
4030315;49;59;
4035321;49;59;
4040327;49;59;
4045333;49;59;
4050339;49;59;
4055345;49;59;
4060351;49;59;
4065357;49;59;
4070363;49;59;
4075369;49;59;
4080375;49;59;
4085381;49;59;
4090387;49;59;
4095393;49;59;
4100399;49;59;
4105405;49;60;
4110411;49;60;
4115417;49;60;
4120423;49;60;
4125429;49;60;
4130435;49;60;
4135442;49;59;
4140448;49;60;
4145454;49;60;
4150460;49;60;
4155466;49;60;
4160472;49;60;
4165478;49;59;
4170484;49;60;
4175490;49;60;
4180496;49;59;
4185502;49;60;
4190508;49;60;
4195514;49;60;
4200520;49;60;
4205526;49;60;
4210532;49;60;
4215538;49;60;
4220544;49;60;
4225550;49;60;
4230556;49;60;
4235562;49;60;
4240568;52;60;
4246900;2147483647;2147483647;
4251906;49;60;
4256912;50;60;
4261918;49;60;
4266924;50;62;
4271930;49;60;
4276936;49;60;
4282628;2147483647;2147483647;
4287635;53;60;
4292641;49;60;
4297647;52;60;
4302653;47;60;
4307659;49;60;
4312665;49;60;
4317671;49;60;
4322677;49;60;
4327683;56;60;
4332689;54;60;
4337695;47;60;
4342701;49;60;
4347707;48;60;
4352713;47;60;
4357719;48;60;
4362725;47;60;
4367731;48;60;
4372737;48;60;
4377743;48;60;
4382749;48;60;
4387755;48;60;
4392761;48;60;
4397767;48;60;
4402773;48;60;
4407779;48;60;
4412785;48;60;
4417791;48;60;
4422797;48;60;
4427803;48;60;
4432809;48;60;
4437815;48;60;
4442821;48;60;
4447828;48;60;
4452834;48;60;
4457840;48;60;
4462846;48;60;
4467852;49;60;
4472858;49;60;
4477864;48;60;
4482870;48;60;
4487876;48;60;
4492882;49;60;
4497888;48;60;
4502894;49;60;
4507900;48;60;
4512906;49;60;
4517912;49;60;
4522918;49;60;
4527924;49;60;
4532930;49;60;
4537936;49;60;
4542942;49;60;
4547948;49;60;
4552954;49;60;
4557960;49;60;
4562966;49;60;
4567972;49;60;
4572978;49;60;
4577984;49;60;
4582990;49;60;
4587996;49;60;
4593002;49;60;
4598008;49;60;
4603014;49;60;
4608022;49;60;
4613028;49;60;
4618034;49;60;
4623040;49;60;
4628046;49;60;
4633052;49;60;
4638058;49;60;
4643064;49;60;
4648070;49;60;
4653076;49;60;
4658082;49;60;
4663088;49;60;
4668094;49;60;
4673100;49;60;
4678106;49;60;
4683112;49;60;
4688118;48;60;
4693124;49;60;
4698130;48;60;
4703136;49;60;
4708142;48;60;
4713148;49;60;
4718154;49;60;
4723160;49;60;
4728166;48;60;
4733172;49;60;
4738178;49;60;
4743184;49;60;
4748190;48;60;
4753196;48;60;
4758202;48;60;
4763208;48;60;
4768215;48;60;
4773221;48;60;
4778227;48;60;
4783233;48;60;
4788239;48;61;
4793245;48;60;
4798251;48;61;
4803257;48;61;
4808263;48;61;
4813269;48;61;
4818275;48;61;
4823281;48;61;
4828287;48;61;
4833293;48;61;
4838299;48;61;
4843305;48;61;
4848311;48;61;
4853317;48;61;
4858323;48;61;
4863329;48;61;
4868335;48;61;
4873341;48;61;
4878347;48;61;
4883353;48;60;
4888359;48;61;
4893365;48;61;
4898371;48;61;
4903377;48;61;
4908383;48;61;
4913389;48;61;
4918395;48;61;
4923401;48;61;
4928408;48;61;
4933414;48;61;
4938420;48;61;
4943426;48;61;
4948432;48;61;
4953438;48;61;
4958444;48;61;
4963450;48;61;
4968456;48;61;
4973462;48;61;
4978468;48;61;
4983474;48;61;
4988480;48;61;
4993486;48;61;
4998492;48;61;
5003498;48;61;
5008504;48;61;
5013510;48;61;
5018516;48;61;
5023522;48;61;
5028528;48;61;
5033534;48;61;
5038540;48;61;
5043546;48;61;
5048552;48;61;
5053558;48;61;
5058564;48;61;
5063570;48;61;
5068576;48;61;
5073582;48;61;
5078588;48;61;
5083594;48;61;
5088609;48;61;
5093615;48;61;
5098621;48;61;
5103627;48;61;
5108633;48;61;
5113639;48;61;
5118645;48;61;
5123651;48;61;
5128657;48;61;
5133663;48;61;
5138669;48;61;
5143675;48;61;
5148681;48;61;
5153687;48;61;
5158693;48;61;
5163699;48;61;
5168705;48;61;
5173711;48;61;
5178717;48;61;
5183723;48;61;
5188729;48;61;
5193735;48;61;
5198741;48;61;
5203747;48;61;
5208753;48;61;
5213759;48;61;
5218765;48;61;
5223771;48;61;
5228777;48;61;
5233783;48;61;
5238789;48;61;
5243795;48;61;
5248803;48;61;
5253809;48;61;
5258815;48;61;
5263821;48;61;
5268827;48;61;
5273833;48;61;
5278839;48;61;
5283845;48;61;
5288851;48;61;
5293857;48;61;
5298863;48;61;
5303869;48;61;
5308875;48;61;
5313881;48;61;
5318887;48;61;
5323893;48;61;
5328899;48;61;
5333905;48;61;
5338911;48;61;
5343917;48;61;
5348923;48;61;
5353929;48;61;
5358935;48;61;
5363941;48;61;
5368947;48;61;
5373953;48;61;
5378959;48;61;
5383965;48;61;
5388971;48;61;
5393977;48;61;
5398983;48;61;
5403989;48;61;
5408996;48;61;
5414002;48;61;
5419008;48;61;
5424014;48;61;
5429020;48;61;
5434026;48;61;
5439032;48;61;
5444038;48;61;
5449044;48;61;
5454050;48;61;
5459056;48;61;
5464062;48;61;
5469068;48;61;
5474074;48;61;
5479080;48;61;
5484086;48;61;
5489092;48;61;
5494098;48;61;
5499104;48;61;
5504110;48;61;
5509116;48;61;
5514122;48;61;
5519128;48;61;
5524134;48;61;
5529140;48;61;
5534146;48;61;
5539152;48;61;
5544158;48;61;
5549164;48;61;
5554170;48;61;
5559176;48;61;
5564182;48;61;
5569189;48;61;
5574195;48;61;
5579201;48;61;
5584207;48;61;
5589213;48;61;
5594219;48;61;
5599225;48;61;
5604231;48;61;
5609237;48;61;
5614243;48;61;
5619249;48;61;
5624255;48;61;
5629261;47;61;
5634267;48;61;
5639273;48;61;
5644279;48;61;
5649285;48;61;
5654291;48;61;
5659297;48;61;
5664303;48;61;
5669309;48;61;
5674315;48;61;
5679321;48;61;
5684327;48;61;
5689333;48;61;
5694339;48;61;
5699345;48;61;
5704351;48;61;
5709357;48;61;
5714363;48;61;
5719369;48;61;
5724375;48;61;
5729382;48;61;
5734388;48;61;
5739394;48;61;
5744400;48;61;
5749406;48;61;
5754412;48;61;
5759418;48;61;
5764424;48;61;
5769430;48;61;
5774436;48;61;
5779442;48;61;
5784448;48;61;
5789454;48;61;
5794460;48;61;
5799466;48;61;
5804472;48;61;
5809478;48;61;
5814484;48;61;
5819490;48;62;
5824496;48;62;
5829502;48;62;
5834508;48;62;
5839514;48;62;
5844520;48;62;
5849526;48;62;
5854532;48;62;
5859538;48;62;
5864544;48;62;
5869550;48;62;
5874556;48;62;
5879562;47;62;
5884568;47;62;
5889576;47;62;
5894582;47;62;
5899588;48;62;
5904594;47;62;
5909600;47;62;
5914606;47;62;
5919612;47;62;
5924619;47;62;
5929625;48;62;
5934631;48;62;
5939637;48;62;
5944643;47;62;
5949649;47;62;
5954655;47;62;
5959661;47;62;
5964667;47;62;
5969673;47;62;
5974679;47;62;
5979685;47;62;
5984691;47;62;
5989697;47;62;
5994703;47;62;
5999709;47;62;
6004715;47;62;
6009721;47;62;
6014727;47;62;
6019733;47;62;
6024739;47;62;
6029745;47;62;
6034751;47;62;
6039758;47;62;
6044764;47;62;
6049772;47;62;
6054778;47;62;
6059784;47;62;
6064790;47;62;
6069796;47;62;
6074802;47;62;
6079808;47;62;
6084814;47;62;
6089820;47;62;
6094826;47;62;
6099832;47;62;
6104838;47;62;
6109844;47;62;
6114850;47;62;
6119856;47;62;
6124862;47;62;
6129868;47;62;
6134874;47;62;
6139880;47;62;
6144886;47;62;
6149892;47;62;
6154898;47;62;
6159904;47;62;
6164910;47;62;
6169916;47;62;
6174922;47;62;
6179928;47;62;
6184934;47;62;
6189940;47;62;
6194946;47;62;
6199952;47;62;
6204959;47;62;
6209967;47;62;
6214973;47;62;
6219979;47;62;
6224985;47;62;
6229991;47;62;
6234997;47;62;
6240003;47;62;
6245009;47;62;
6250016;47;62;
6255022;47;62;
6260028;47;62;
6265034;47;62;
6270040;47;62;
6275047;47;62;
6280053;47;62;
6285059;47;62;
6290065;47;62;
6295071;47;62;
6300077;47;62;
6305083;47;62;
6310090;47;62;
6315096;47;62;
6320102;47;62;
6325108;47;62;
6330114;47;62;
6335120;47;62;
6340126;47;62;
6345132;47;62;
6350139;47;62;
6355145;47;62;
6360151;47;62;
6365157;47;62;
6370175;47;62;
6375181;47;62;
6380187;47;62;
6385193;47;62;
6390199;47;62;
6395205;47;62;
6400212;47;62;
6405218;47;62;
6410224;47;62;
6415230;47;62;
6420236;47;62;
6425242;47;62;
6430248;47;62;
6435254;47;62;
6440260;47;62;
6445267;47;62;
6450273;47;62;
6455279;47;62;
6460285;47;62;
6465292;47;62;
6470298;47;62;
6475304;47;62;
6480310;47;62;
6485316;47;62;
6490322;47;62;
6495328;47;62;
6500335;47;62;
6505341;47;62;
6510347;47;62;
6515353;47;62;
6520360;47;62;
6525366;47;62;
6530374;47;62;
6535380;47;62;
6540386;47;62;
6545392;47;62;
6550398;47;62;
6555404;47;62;
6560410;47;62;
6565416;47;62;
6570422;47;62;
6575428;47;62;
6580435;47;62;
6585441;47;62;
6590447;47;62;
6595453;47;62;
6600459;47;62;
6605465;47;62;
6610471;47;62;
6615477;47;62;
6620483;47;62;
6625489;47;62;
6630495;47;62;
6635501;47;62;
6640507;47;62;
6645514;47;62;
6650521;47;62;
6655527;47;62;
6660534;47;62;
6665540;47;62;
6670547;47;62;
6675553;47;62;
6680559;47;62;
6685565;47;62;
6690573;47;62;
6695579;47;62;
6700585;47;62;
6705591;47;62;
6710597;47;62;
6715604;47;62;
6720611;47;62;
6725618;47;62;
6730624;47;62;
6735630;47;62;
6740636;47;62;
6745642;47;62;
6750649;47;62;
6755655;47;62;
6760661;47;62;
6765667;47;62;
6770674;47;62;
6775681;47;62;
6780687;47;62;
6785694;47;62;
6790701;47;62;
6795707;47;62;
6800714;47;62;
6805720;47;62;
6810726;47;62;
6815732;47;62;
6820739;47;62;
6825746;47;62;
6830753;47;62;
6835759;47;62;
6840765;47;62;
6845771;47;62;
6850778;47;62;
6855785;47;62;
6860792;47;62;
6865798;47;62;
6870804;47;62;
6875811;47;62;
6880817;47;62;
6885824;47;62;
6890830;47;62;
6895836;47;62;
6900842;47;62;
6905849;47;62;
6910856;47;62;
6915862;47;62;
6920869;47;62;
6925876;47;62;
6930883;47;62;
6935889;47;62;
6940895;47;62;
6945902;47;62;
6950909;47;62;
6955915;47;62;
6960921;47;62;
6965928;47;62;
6970934;47;62;
6975940;47;62;
6980946;47;62;
6985953;47;62;
6990960;47;62;
6995966;47;62;
7000972;47;62;
7005979;47;62;
7010987;47;62;
7015994;47;62;
7021000;47;62;
7026006;47;62;
7031013;47;62;
7036019;47;62;
7041025;47;62;
7046032;47;62;
7051039;47;62;
7056045;47;62;
7061051;47;62;
7066057;47;62;
7071063;47;62;
7076070;47;62;
7081076;47;62;
7086083;47;62;
7091089;47;62;
7096095;47;62;
7101101;47;62;
7106108;47;62;
7111115;47;62;
7116122;47;62;
7121129;47;62;
7126135;47;62;
7131142;47;62;
7136148;47;62;
7141155;47;62;
7146161;47;62;
7151167;47;62;
7156174;47;62;
7161181;47;62;
7166187;47;62;
7171195;47;62;
7176202;47;62;
7181209;47;62;
7186216;47;62;
7191222;47;62;
7196228;47;62;
7201235;47;62;
7206242;47;62;
7211248;47;62;
7216254;47;62;
7221261;47;62;
7226268;47;62;
7231275;47;62;
7236281;47;62;
7241287;47;62;
7246294;47;62;
7251301;47;62;
7256308;47;62;
7261315;47;62;
7266322;47;62;
7271329;47;62;
7276336;47;62;
7281342;47;62;
7286349;47;62;
7291356;47;62;
7296363;47;62;
7301370;47;62;
7306376;47;62;
7311382;47;62;
7316389;47;62;
7321395;47;62;
7326402;47;62;
7331410;47;62;
7336417;47;62;
7341423;47;62;
7346429;47;62;
7351435;47;62;
7356442;47;62;
7361449;47;62;
7366456;47;62;
7371463;47;62;
7376469;47;62;
7381476;47;62;
7386483;47;62;
7391490;47;62;
7396496;47;62;
7401502;47;62;
7406508;47;62;
7411514;47;62;
7416521;47;62;
7421527;47;62;
7426533;47;62;
7431540;47;62;
7436546;47;62;
7441552;47;62;
7446559;47;62;
7451566;47;62;
7456573;47;62;
7461580;47;62;
7466586;47;62;
7471593;47;62;
7476600;47;62;
7481607;47;62;
7486614;47;62;
7491621;47;62;
7496627;47;62;
7501633;47;62;
7506640;47;62;
7511647;47;62;
7516654;47;62;
7521661;47;62;
7526668;47;62;
7531675;47;62;
7536682;47;62;
7541689;47;62;
7546696;47;62;
7551703;47;62;
7556710;47;62;
7561717;47;62;
7566724;46;62;
7571731;47;62;
7576738;47;62;
7581744;47;62;
7586750;47;62;
7591757;47;62;
7596764;47;62;
7601771;46;62;
7606778;46;62;
7611784;46;62;
7616790;47;62;
7621797;47;62;
7626804;47;62;
7631811;47;62;
7636817;47;62;
7641824;46;62;
7646830;46;62;
7651846;46;62;
7656853;46;62;
7661859;46;62;
7666866;46;62;
7671873;46;62;
7676879;46;62;
7681886;46;62;
7686892;46;62;
7691898;46;62;
7696905;46;62;
7701912;46;62;
7706918;46;62;
7711925;46;62;
7716932;46;62;
7721939;46;62;
7726946;46;62;
7731953;46;62;
7736960;46;62;
7741966;46;62;
7746973;46;62;
7751980;46;62;
7756987;46;62;
7761994;46;62;
7767000;46;62;
7772007;46;62;
7777013;46;62;
7782020;46;62;
7787027;46;62;
7792034;46;62;
7797041;46;62;
7802048;46;62;
7807055;46;62;
7812062;46;62;
7817069;46;62;
7822076;46;62;
7827082;46;62;
7832089;46;62;
7837095;46;62;
7842102;46;62;
7847109;46;62;
7852116;46;62;
7857123;46;62;
7862130;46;62;
7867137;46;62;
7872143;46;62;
7877150;46;62;
7882157;46;62;
7887164;46;62;
7892171;46;62;
7897178;46;62;
7902184;46;62;
7907191;46;62;
7912198;46;62;
7917205;46;62;
7922212;46;62;
7927219;46;62;
7932226;46;62;
7937233;46;62;
7942240;46;62;
7947247;46;62;
7952254;46;62;
7957261;46;62;
7962268;46;62;
7967275;46;62;
7972283;46;62;
7977290;46;62;
7982297;46;62;
7987304;46;62;
7992311;46;62;
7997318;46;62;
8002325;46;62;
8007332;46;62;
8012339;46;62;
8017346;46;63;
8022353;46;63;
8027360;46;63;
8032367;46;63;
8037374;46;63;
8042381;46;63;
8047388;46;63;
8052395;46;63;
8057402;46;63;
8062409;46;63;
8067416;46;63;
8072423;46;63;
8077430;46;63;
8082437;46;63;
8087444;46;63;
8092451;46;63;
8097458;46;63;
8102465;46;63;
8107472;46;63;
8112479;46;63;
8117486;46;63;
8122493;46;63;
8127500;46;63;
8132508;46;63;
8137515;46;63;
8142522;46;63;
8147529;46;63;
8152536;46;63;
8157543;46;63;
8162550;46;63;
8167557;46;63;
8172564;46;63;
8177571;46;63;
8182578;46;63;
8187585;46;63;
8192592;46;63;
8197599;46;63;
8202606;46;63;
8207613;46;63;
8212620;46;63;
8217627;46;63;
8222634;46;63;
8227641;46;63;
8232648;46;63;
8237655;46;63;
8242662;46;63;
8247669;46;63;
8252676;46;63;
8257683;46;63;
8262690;46;63;
8267697;46;63;
8272704;46;63;
8277711;46;63;
8282718;46;63;
8287725;46;63;
8292733;46;63;
8297740;46;63;
8302747;46;63;
8307754;46;63;
8312761;46;63;
8317768;46;63;
8322775;46;63;
8327782;46;63;
8332789;46;63;
8337796;46;63;
8342803;46;63;
8347810;46;63;
8352817;46;63;
8357824;46;63;
8362831;46;63;
8367838;46;63;
8372845;46;63;
8377852;46;63;
8382859;46;63;
8387866;46;63;
8392873;46;63;
8397880;46;63;
8402887;46;63;
8407894;46;63;
8412901;46;63;
8417908;46;63;
8422915;45;63;
8427922;46;63;
8432929;46;63;
8437936;46;63;
8442943;45;63;
8447950;46;63;
8452958;45;63;
8457965;45;63;
8462972;45;63;
8467979;45;63;
8472986;45;63;
8477993;45;63;
8483000;45;63;
8488007;45;63;
8493014;45;63;
8498021;45;63;
8503028;45;63;
8508035;45;63;
8513042;45;63;
8518049;45;63;
8523056;45;63;
8528063;45;63;
8533070;45;63;
8538077;45;63;
8543084;45;63;
8548091;45;63;
8553098;45;63;
8558105;45;63;
8563112;45;63;
8568119;45;63;
8573126;45;63;
8578133;45;63;
8583140;45;63;
8588147;45;63;
8593154;45;63;
8598161;45;63;
8603168;45;63;
8608175;45;63;
8613183;45;63;
8618190;45;63;
8623197;45;63;
8628204;45;63;
8633211;45;63;
8638218;45;63;
8643225;45;63;
8648232;45;63;
8653239;45;63;
8658246;45;63;
8663253;45;63;
8668260;45;63;
8673267;45;63;
8678274;45;63;
8683281;45;63;
8688288;45;63;
8693295;45;63;
8698302;45;63;
8703309;45;63;
8708316;45;63;
8713323;45;63;
8718330;45;63;
8723337;45;63;
8728344;45;63;
8733351;45;63;
8738358;45;63;
8743365;45;63;
8748372;45;63;
8753379;45;63;
8758386;45;63;
8763393;45;63;
8768400;45;63;
8773408;45;63;
8778415;45;63;
8783422;45;63;
8788429;45;63;
8793436;45;63;
8798443;45;63;
8803450;45;63;
8808457;45;63;
8813464;45;63;
8818471;45;63;
8823478;45;63;
8828485;45;63;
8833492;45;63;
8838499;45;63;
8843506;45;63;
8848513;45;63;
8853520;45;63;
8858527;45;63;
8863534;45;63;
8868541;45;63;
8873548;45;63;
8878555;45;63;
8883562;45;63;
8888569;45;63;
8893576;45;63;
8898583;45;63;
8903590;45;63;
8908597;45;63;
8913604;45;63;
8918611;45;63;
8923618;45;63;
8928625;45;63;
8933644;45;63;
8938651;45;63;
8943658;45;63;
8948665;45;63;
8953672;45;63;
8958679;45;63;
8963728;2147483647;2147483647;
8968735;44;63;
8973742;45;63;
8978749;45;63;
8983756;45;63;
8988763;45;63;
8993770;45;63;
8998777;45;63;
9003784;45;63;
9008791;45;63;
9013798;45;63;
9018805;45;63;
9023812;45;63;
9028819;45;63;
9033826;45;63;
9038833;45;63;
9043840;45;63;
9048847;45;63;
9053854;45;63;
9058861;45;63;
9063868;45;63;
9068875;45;63;
9073882;45;63;
9078889;45;63;
9083896;45;63;
9088904;45;63;
9093911;45;63;
9098918;44;63;
9103925;45;63;
9108932;45;63;
9113939;45;63;
9118946;45;63;
9123953;45;63;
9128960;45;63;
9133967;45;63;
9138974;45;63;
9143981;45;63;
9148988;45;63;
9153995;45;63;
9159002;45;63;
9164009;45;63;
9169016;45;63;
9174023;45;63;
9179030;45;63;
9184037;45;63;
9189044;45;63;
9194051;45;63;
9199058;45;63;
9204065;45;63;
9209072;45;63;
9214079;45;63;
9219086;45;63;
9224093;45;63;
9229100;45;63;
9234107;45;63;
9239114;45;63;
9244121;45;63;
9249129;45;63;
9254136;45;63;
9259143;45;63;
9264150;45;63;
9269157;45;63;
9274164;45;63;
9279171;45;63;
9284178;45;63;
9289185;45;63;
9294192;45;63;
9299199;45;63;
9304206;45;63;
9309213;45;63;
9314220;45;63;
9319227;45;63;
9324234;45;63;
9329241;45;63;
9334248;45;63;
9339255;45;63;
9344262;45;63;
9349269;45;63;
9354276;45;63;
9359283;45;63;
9364290;45;63;
9369297;45;63;
9374304;45;63;
9379311;45;63;
9384318;45;63;
9389325;45;63;
9394332;45;63;
9399339;45;63;
9404346;45;63;
9409354;45;63;
9414361;45;63;
9419368;45;63;
9424375;45;63;
9429382;45;63;
9434389;45;63;
9439396;45;63;
9444403;45;63;
9449410;45;63;
9454417;45;63;
9459424;45;63;
9464431;45;63;
9469438;45;63;
9474445;45;63;
9479452;45;63;
9484459;45;63;
9489466;45;63;
9494473;45;63;
9499480;45;63;
9504487;45;63;
9509494;45;63;
9514501;45;63;
9519508;45;63;
9524515;45;63;
9529522;45;63;
9534529;45;63;
9539536;45;63;
9544543;45;63;
9549550;45;63;
9554557;45;63;
9559564;45;63;
9564571;45;63;
9569579;45;63;
9574586;45;63;
9579593;45;63;
9584600;45;63;
9589607;45;63;
9594614;45;63;
9599621;45;63;
9604628;45;63;
9609635;45;63;
9614642;45;63;
9619649;45;63;
9624656;45;63;
9629663;45;63;
9634670;45;63;
9639677;45;63;
9644684;45;63;
9649691;45;63;
9654698;45;63;
9659705;45;63;
9664712;45;63;
9669719;45;63;
9674726;45;63;
9679733;45;63;
9684740;45;63;
9689747;45;63;
9694754;45;63;
9699761;45;63;
9704768;45;63;
9709775;45;63;
9714782;45;63;
9719789;45;63;
9724796;45;63;
9729804;45;63;
9734811;45;63;
9739818;45;63;
9744825;45;63;
9749832;45;63;
9754839;45;63;
9759846;45;63;
9764853;45;63;
9769860;45;63;
9774867;45;63;
9779874;45;63;
9784881;45;63;
9789888;45;63;
9794895;45;63;
9799902;45;63;
9804909;45;63;
9809916;45;63;
9814923;45;63;
9819930;45;63;
9824937;45;63;
9829944;45;63;
9834951;45;63;
9839958;45;63;
9844965;45;63;
9849972;45;63;
9854979;45;63;
9859986;45;63;
9864993;45;63;
9870000;45;63;
9875007;45;64;
9880014;45;63;
9885021;45;64;
9890029;45;63;
9895036;45;64;
9900043;44;63;
9905050;45;64;
9910057;44;64;
9915064;44;63;
9920071;44;63;
9925078;44;63;
9930085;44;64;
9935092;44;63;
9940099;44;64;
9945106;44;64;
9950113;44;64;
9955120;44;64;
9960127;44;64;
9965134;44;64;
9970141;44;64;
9975148;44;64;
9980155;44;64;
9985162;2147483647;2147483647;
9990169;44;64;
9995176;44;64;
10000183;44;64;
10005190;44;64;
10010197;44;64;
10015204;44;64;
10020211;44;64;
10025218;2147483647;2147483647;
10030225;44;64;
10035233;44;64;
10040240;44;64;
10045247;44;64;
10050254;44;64;
10055261;44;64;
10060268;2147483647;2147483647;
10065275;2147483647;2147483647;
10070282;44;64;
10075289;44;64;
10080296;44;64;
10085303;44;64;
10090310;44;64;
10095317;44;64;
10100324;44;64;
10105331;44;64;
10110338;44;64;
10115345;2147483647;2147483647;
10120352;44;64;
10125359;44;64;
10130366;44;64;
10135373;44;64;
10140380;44;64;
10145387;44;64;
10150394;44;64;
10155401;44;64;
10160408;44;64;
10165415;44;64;
10170422;44;64;
10175438;44;64;
10180445;44;64;
10185452;44;64;
10190459;44;64;
10195466;44;64;
10200473;44;64;
10205480;44;64;
10210487;44;64;
10215494;44;64;
10220501;44;64;
10225508;44;64;
10230515;44;64;
10235522;2147483647;2147483647;
10240529;44;64;
10245536;2147483647;2147483647;
10250543;44;64;
10255550;44;64;
10260557;44;64;
10265564;44;64;
10270571;44;64;
10275578;2147483647;2147483647;
10280585;2147483647;2147483647;
10285592;44;64;
10290599;2147483647;2147483647;
10295606;44;64;
10300614;44;64;
10305621;44;64;
10310628;2147483647;2147483647;
10315635;44;64;
10320642;44;64;
10325649;44;64;
10330656;44;64;
10335663;2147483647;2147483647;
10340670;44;64;
10345677;44;64;
10350684;2147483647;2147483647;
10355691;44;64;
10360698;44;64;
10365705;44;64;
10370712;44;64;
10375719;44;64;
10380726;2147483647;2147483647;
10385733;44;64;
10390740;44;64;
10395747;44;64;
10400754;44;64;
10405761;44;64;
10410768;44;64;
10415775;44;64;
10420782;44;64;
10425789;44;64;
10430796;44;64;
10435804;44;64;
10440811;44;64;
10445818;44;64;
10450825;44;64;
10455832;44;64;
10460839;44;64;
10465846;44;64;
10470853;44;64;
10475860;44;64;
10480867;44;64;
10485874;44;64;
10490881;44;64;
10495888;44;64;
10500895;44;64;
10505902;44;64;
10510909;44;64;
10515916;44;64;
10520923;44;64;
10525930;44;64;
10530937;2147483647;2147483647;
10535944;44;64;
10540951;44;64;
10545958;44;64;
10550965;44;64;
10555972;44;64;
10560979;44;64;
10565986;44;64;
10570993;44;64;
10576000;44;64;
10581008;44;64;
10586015;44;64;
10591022;44;64;
10596029;44;64;
10601036;44;64;
10606043;44;64;
10611050;44;64;
10616057;2147483647;2147483647;
10621064;44;64;
10626071;44;64;
10631078;44;64;
10636085;44;64;
10641092;2147483647;2147483647;
10646099;2147483647;2147483647;
10651106;2147483647;2147483647;
10656113;2147483647;2147483647;
10661120;44;64;
10666127;44;64;
10671134;44;64;
10676141;2147483647;2147483647;
10681148;2147483647;2147483647;
10686155;2147483647;2147483647;
10691163;44;64;
10696170;44;64;
10701177;44;64;
10706184;44;64;
10711191;44;64;
10716198;44;64;
10721205;44;64;
10726212;44;64;
10731219;44;64;
10736226;44;64;
10741233;44;64;
10746240;44;64;
10751247;44;64;
10756254;44;64;
10761261;44;64;
10766268;44;64;
10771275;44;64;
10776282;44;64;
10781289;44;64;
10786296;44;64;
10791303;44;64;
10796310;44;64;
10801317;44;64;
10806324;2147483647;2147483647;
10811331;44;64;
10816338;2147483647;2147483647;
10821345;2147483647;2147483647;
10826352;44;64;
10831360;44;64;
10836367;44;64;
10841374;44;64;
10846381;2147483647;2147483647;
10851388;44;64;
10856395;44;64;
10861402;44;64;
10866409;44;64;
10871416;44;64;
10876423;44;64;
10881430;44;64;
10886437;44;64;
10891444;44;64;
10896451;44;64;
10901458;44;64;
10906465;44;64;
10911472;44;64;
10916479;2147483647;2147483647;
10921486;44;64;
10926493;44;64;
10931500;44;64;
10936507;44;64;
10941514;44;64;
10946521;44;64;
10951528;44;64;
10956535;44;64;
10961542;44;64;
10966549;44;64;
10971557;44;64;
10976564;44;64;
10981571;44;64;
10986578;44;64;
10991585;44;64;
10996592;44;64;
11001599;44;64;
11006606;44;64;
11011613;44;64;
11016620;44;64;
11021627;44;64;
11026634;44;64;
11031641;44;64;
11036648;44;64;
11041655;44;64;
11046662;44;64;
11051669;44;64;
11056676;44;64;
11061683;44;64;
11066690;44;64;
11071697;44;64;
11076704;44;64;
11081711;44;64;
11086718;44;64;
11091725;44;64;
11096732;44;64;
11101739;44;64;
11106746;44;64;
11111753;44;64;
11116760;44;64;
11121768;44;64;
11126775;43;64;
11131782;44;64;
11136789;44;64;
11141796;44;64;
11146803;44;64;
11151810;44;64;
11156817;44;64;
11161824;44;64;
11166831;44;64;
11171838;44;64;
11176845;44;64;
11181852;44;64;
11186859;44;64;
11191866;44;64;
11196873;44;64;
11201880;44;64;
11206887;44;64;
11211894;44;64;
11216901;44;64;
11221908;44;64;
11226915;44;64;
11231922;44;64;
11236929;44;64;
11241936;44;64;
11246943;44;64;
11251950;44;64;
11256957;44;64;
11261964;44;64;
11266971;44;64;
11271989;44;64;
11276996;44;64;
11282003;44;64;
11287010;44;64;
11292017;44;64;
11297024;44;64;
11302031;44;64;
11307038;44;64;
11312045;44;64;
11317052;44;64;
11322059;44;64;
11327066;44;64;
11332073;44;64;
11337080;2147483647;2147483647;
11342087;2147483647;2147483647;
11347094;44;64;
11352101;44;64;
11357108;44;64;
11362115;2147483647;2147483647;
11367122;44;64;
11372129;44;64;
11377136;44;64;
11382143;2147483647;2147483647;
11387150;44;64;
11392157;44;64;
11397164;44;64;
11402172;44;64;
11407179;44;64;
11412186;44;64;
11417193;44;64;
11422200;2147483647;2147483647;
11427207;44;64;
11432214;44;64;
11437221;2147483647;2147483647;
11442228;44;64;
11447235;44;64;
11452242;44;64;
11457249;44;64;
11462256;44;64;
11467263;44;64;
11472270;44;64;
11477277;44;64;
11482284;44;64;
11487291;44;64;
11492298;44;64;
11497305;44;64;
11502312;44;64;
11507319;44;64;
11512326;44;64;
11517333;44;64;
11522340;44;64;
11527347;44;64;
11532354;44;64;
11537361;44;64;
11542368;44;64;
11547376;44;64;
11552383;44;64;
11557390;2147483647;2147483647;
11562397;44;64;
11567404;44;64;
11572411;44;64;
11577418;44;64;
11582425;44;64;
11587432;44;64;
11592439;44;64;
11597488;2147483647;2147483647;
11602495;42;64;
11607502;43;64;
11612509;2147483647;2147483647;
11617516;43;64;
11622523;43;63;
11627530;43;63;
11632537;43;64;
11637544;43;64;
11642551;43;64;
11647558;43;64;
11652565;43;64;
11657572;43;64;
11662579;43;64;
11667586;43;64;
11672593;43;64;
11677600;43;64;
11682608;43;64;
11687615;43;64;
11692622;2147483647;2147483647;
11697629;43;64;
11702636;43;64;
11707643;43;64;
11712650;43;64;
11717657;43;64;
11722664;43;64;
11727671;43;64;
11732678;43;64;
11737685;43;64;
11742692;43;64;
11747699;43;64;
11752706;43;64;
11757713;43;64;
11762720;43;64;
11767727;43;64;
11772734;43;63;
11777741;2147483647;2147483647;
11782748;43;63;
11787755;44;63;
11792762;44;63;
11797769;44;63;
11802776;44;63;
11807783;44;63;
11812790;44;63;
11817797;44;63;
11822805;44;63;
11827812;44;63;
11832819;44;63;
11837826;44;63;
11842833;44;63;
11847840;44;63;
11852847;44;63;
11857854;44;63;
11862861;44;63;
11867868;44;63;
11872875;44;63;
11877882;44;63;
11882889;44;63;
11887896;44;63;
11892903;44;63;
11897910;44;63;
11902917;44;63;
11907924;44;63;
11912931;44;63;
11917938;44;63;
11922945;44;63;
11927952;44;63;
11932959;44;63;
11937966;44;63;
11942973;44;63;
11947980;44;63;
11952987;44;63;
11957994;44;63;
11963001;44;63;
11968008;44;63;
11973016;44;63;
11978023;44;63;
11983030;44;63;
11988037;44;63;
11993044;44;63;
11998051;44;63;
12003058;44;63;
12008065;44;63;
12013072;44;63;
12018079;44;63;
12023086;44;63;
12028093;44;63;
12033100;44;63;
12038107;44;63;
12043114;44;63;
12048121;44;63;
12053128;44;63;
12058135;44;63;
12063142;44;63;
12068149;44;63;
12073156;44;63;
12078163;44;63;
12083170;44;63;
12088177;44;63;
12093184;44;63;
12098191;44;63;
12103198;44;63;
12108205;44;63;
12113212;44;63;
12118219;44;63;
12123227;44;63;
12128234;44;63;
12133241;44;63;
12138248;44;63;
12143255;44;63;
12148262;44;63;
12153269;44;63;
12158276;44;63;
12163283;44;63;
12168290;44;63;
12173297;44;63;
12178304;44;63;
12183311;44;63;
12188318;44;63;
12193325;44;63;
12198332;44;63;
12203339;44;63;
12208346;44;63;
12213353;44;63;
12218360;44;63;
12223367;44;63;
12228374;44;63;
12233381;44;63;
12238388;44;63;
12243395;44;63;
12248402;44;63;
12253409;44;63;
12258416;44;63;
12263423;44;63;
12268430;44;63;
12273437;44;63;
12278445;44;63;
12283452;44;63;
12288459;44;63;
12293466;44;63;
12298473;44;63;
12303480;44;63;
12308487;44;63;
12313494;44;63;
12318501;44;63;
12323508;44;63;
12328515;44;63;
12333522;44;63;
12338529;44;63;
12343536;44;63;
12348543;44;63;
12353550;44;63;
12358557;44;63;
12363564;44;63;
12368571;44;63;
12373578;44;63;
12378585;44;63;
12383592;44;63;
12388599;44;63;
12393606;44;63;
12398613;44;63;
12403620;44;63;
12408627;44;63;
12413634;44;63;
12418641;44;63;
12423648;44;63;
12428664;44;63;
12433671;44;63;
12438678;44;63;
12443685;44;63;
12448692;44;63;
12453699;44;63;
12458706;44;63;
12463713;44;63;
12468720;44;63;
12473727;43;63;
12478734;44;63;
12483741;44;63;
12488748;43;63;
12493755;43;63;
12498762;43;63;
12503769;43;63;
12508776;43;63;
12513783;43;63;
12518790;43;63;
12523797;43;63;
12528804;43;63;
12533811;43;63;
12538818;43;63;
12543825;43;63;
12548832;43;63;
12553839;43;63;
12558846;43;63;
12563853;43;63;
12568860;43;63;
12573867;43;63;
12578875;43;63;
12583882;43;63;
12588889;43;63;
12593896;43;63;
12598903;43;63;
12603910;43;63;
12608917;43;63;
12613924;44;63;
12618931;43;63;
12623938;43;63;
12628945;43;63;
12633952;43;63;
12638959;44;63;
12643966;43;63;
12648973;43;63;
12653980;43;63;
12658987;44;63;
12663994;44;63;
12669001;43;63;
12674008;43;63;
12679015;44;63;
12684022;43;63;
12689029;43;63;
12694036;43;63;
12699043;44;63;
12704050;44;63;
12709057;44;63;
12714064;43;63;
12719071;44;63;
12724078;44;63;
12729086;44;63;
12734093;44;63;
12739100;44;63;
12744107;44;63;
12749114;44;63;
12754121;43;63;
12759128;44;63;
12764135;43;63;
12769142;43;63;
12774149;43;63;
12779156;43;63;
12784163;43;63;
12789170;43;63;
12794177;43;63;
12799184;43;63;
12804191;43;63;
12809198;43;63;
12814205;43;63;
12819212;43;63;
12824219;43;63;
12829226;43;63;
12834233;43;63;
12839240;43;63;
12844247;43;63;
12849254;43;63;
12854261;43;63;
12859268;43;63;
12864275;43;63;
12869282;43;63;
12874289;43;63;
12879297;43;63;
12884304;43;63;
12889311;43;63;
12894318;43;63;
12899325;43;63;
12904332;43;63;
12909339;43;63;
12914346;43;63;
12919353;43;63;
12924360;43;63;
12929367;43;63;
12934374;43;63;
12939381;43;63;
12944388;43;63;
12949395;43;63;
12954402;43;63;
12959409;43;63;
12964416;43;63;
12969423;43;63;
12974430;43;63;
12979437;43;63;
12984444;43;63;
12989451;43;63;
12994458;43;63;
12999465;43;63;
13004472;43;63;
13009479;43;63;
13014486;43;63;
13019493;43;63;
13024500;43;63;
13029508;43;63;
13034515;43;63;
13039522;43;63;
13044529;43;63;
13049536;43;63;
13054543;43;63;
13059550;43;63;
13064557;43;63;
13069564;43;63;
13074571;43;63;
13079578;43;63;
13084585;43;63;
13089592;43;63;
13094599;43;63;
13099606;43;63;
13104613;43;63;
13109620;43;63;
13114627;43;63;
13119634;43;63;
13124641;43;63;
13129648;43;63;
13134655;43;63;
13139662;43;63;
13144669;43;63;
13149697;2147483647;2147483647;
13154704;42;63;
13159711;43;63;
13164718;43;63;
13169725;43;63;
13174733;43;63;
13179740;43;63;
13184747;43;63;
13189754;43;63;
13194761;43;63;
13199768;43;63;
13204775;42;63;
13209782;43;63;
13214789;43;63;
13219796;43;63;
13224803;43;63;
13229810;43;63;
13234817;43;63;
13239824;43;63;
13244831;43;63;
13249838;43;63;
13254845;43;63;
13259852;43;63;
13264859;43;63;
13269866;43;63;
13274873;43;63;
13279880;43;63;
13284887;43;63;
13289894;43;63;
13294901;43;63;
13299908;43;63;
13304915;43;63;
13309922;43;63;
13314929;43;63;
13319936;43;63;
13324944;43;63;
13329951;43;63;
13334958;43;63;
13339965;43;63;
13344972;43;63;
13349979;43;63;
13354986;43;63;
13359993;43;63;
13365000;43;63;
13370007;43;63;
13375014;43;63;
13380021;43;63;
13385028;43;63;
13390035;43;63;
13395042;43;63;
13400049;43;63;
